459 0
460 0
458 0
457 0
456 0
455 0
454 0
453 0
452 0
451 0
450 0
449 0
448 0
447 0
446 0
445 0
444 0
443 0
442 0
441 0
440 0
439 0
438 0
437 0
436 0
435 0
434 0
433 0
432 0
431 0
430 0
429 0
428 0
427 0
426 0
425 0
424 0
423 0
422 0
421 0
420 0
419 0
418 0
418 1
418 2
418 3
418 4
418 5
418 6
418 7
419 7
420 7
421 7
422 7
423 7
424 7
424 8
424 9
424 10
425 10
426 10
427 10
428 10
429 10
430 10
431 10
431 11
431 12
431 13
431 14
431 15
461 0
462 0
463 0
464 0
465 0
466 0
467 0
468 0
468 1
468 2
468 3
468 4
468 5
468 6
468 7
468 8
468 9
468 10
468 11
469 11
470 11
471 11
472 11
473 11
474 11
475 11
475 12
476 12
477 12
477 11
478 11
478 12
479 12
480 12
481 12
481 11
482 11
483 11
484 11
484 10
484 9
484 8
484 7
484 6
484 5
484 4
484 3
484 2
485 2
486 2
486 1
486 0
487 0
488 0
488 1
488 2
488 3
488 4
488 5
488 6
488 7
488 8
488 9
489 9
489 10
490 10
490 11
491 11
492 11
492 12
492 13
492 14
493 14
493 15
410 22
410 23
410 21
410 20
410 19
410 18
410 17
410 16
410 15
410 14
410 13
410 12
410 11
409 11
409 10
409 9
409 8
409 7
409 6
409 5
409 4
409 3
409 2
409 1
409 0
410 0
411 0
412 0
413 0
414 0
415 0
416 0
417 0
410 24
410 25
411 25
412 25
484 23
484 24
484 22
484 21
484 20
484 19
484 18
484 17
485 17
486 17
487 17
487 16
488 16
489 16
490 16
490 15
491 15
492 15
484 25
484 26
484 27
484 28
320 237
320 238
320 236
320 235
320 234
320 233
320 232
320 231
320 230
320 229
320 228
320 227
320 226
320 225
320 224
320 223
320 222
320 221
320 220
320 219
320 218
320 217
320 216
320 215
320 214
320 213
320 212
320 211
320 210
320 209
320 208
320 207
320 206
320 205
320 204
320 203
320 202
320 201
320 200
320 199
320 198
320 197
320 196
320 195
320 194
320 193
320 192
320 191
320 190
320 189
320 188
320 187
320 186
320 185
320 184
320 183
320 182
320 181
320 180
320 179
320 178
320 177
320 176
320 175
320 174
320 173
320 172
320 171
320 170
320 169
320 168
320 167
320 166
320 165
320 164
320 163
320 162
320 161
320 160
320 159
320 158
320 157
320 156
320 155
320 154
320 153
320 152
320 151
320 150
320 149
320 148
320 147
320 146
320 145
320 144
320 143
320 142
320 141
320 140
320 139
320 138
320 137
320 136
320 135
320 134
320 133
320 132
320 131
320 130
320 129
320 128
320 127
320 126
320 125
320 124
320 123
320 122
320 121
320 120
320 119
320 118
320 117
320 116
320 115
320 114
320 113
321 113
322 113
322 112
322 111
322 110
322 109
323 109
323 110
323 111
323 112
323 113
323 114
324 114
325 114
326 114
327 114
328 114
329 114
330 114
331 114
332 114
333 114
334 114
335 114
336 114
337 114
338 114
338 113
338 112
338 111
338 110
338 109
338 108
338 107
338 106
338 105
338 104
338 103
338 102
338 101
338 100
338 99
338 98
338 97
338 96
338 95
338 94
338 93
338 92
338 91
338 90
338 89
338 88
338 87
338 86
338 85
338 84
338 83
338 82
338 81
338 80
338 79
338 78
338 77
338 76
338 75
338 74
338 73
338 72
338 71
338 70
338 69
338 68
338 67
338 66
338 65
338 64
338 63
338 62
338 61
338 60
338 59
338 58
338 57
338 56
338 55
338 54
338 53
338 52
338 51
338 50
338 49
338 48
338 47
338 46
338 45
338 44
338 43
338 42
338 41
338 40
338 39
338 38
338 37
338 36
338 35
338 34
338 33
338 32
338 31
338 30
338 29
338 28
338 27
338 26
338 25
338 24
338 23
338 22
338 21
338 20
338 19
338 18
338 17
338 16
338 15
338 14
338 13
338 12
338 11
338 10
338 9
338 8
338 7
338 6
338 5
338 4
338 3
338 2
338 1
338 0
339 0
340 0
341 0
342 0
343 0
344 0
345 0
346 0
347 0
348 0
349 0
350 0
351 0
352 0
353 0
354 0
355 0
356 0
357 0
358 0
359 0
360 0
361 0
362 0
363 0
364 0
365 0
366 0
367 0
368 0
369 0
370 0
371 0
372 0
373 0
374 0
375 0
376 0
377 0
378 0
379 0
380 0
381 0
382 0
383 0
384 0
385 0
386 0
387 0
388 0
389 0
390 0
391 0
392 0
393 0
394 0
395 0
396 0
397 0
398 0
399 0
400 0
401 0
402 0
403 0
404 0
405 0
406 0
407 0
408 0
320 239
320 240
319 240
318 240
317 240
316 240
315 240
315 241
412 252
412 253
412 251
412 250
412 249
412 248
412 247
412 246
412 245
412 244
412 243
411 243
411 242
411 241
410 241
410 240
410 239
410 238
410 237
410 236
410 235
410 234
410 233
410 232
410 231
410 230
410 229
410 228
410 227
410 226
410 225
410 224
410 223
410 222
410 221
410 220
410 219
410 218
410 217
410 216
410 215
410 214
410 213
410 212
410 211
410 210
410 209
410 208
410 207
410 206
410 205
410 204
410 203
410 202
410 201
410 200
410 199
410 198
410 197
410 196
411 196
412 196
413 196
414 196
415 196
415 195
415 194
415 193
415 192
415 191
415 190
415 189
416 189
417 189
417 188
417 187
417 186
417 185
417 184
417 183
417 182
417 181
417 180
417 179
417 178
417 177
417 176
417 175
417 174
417 173
417 172
417 171
417 170
417 169
417 168
417 167
417 166
417 165
417 164
417 163
417 162
417 161
417 160
417 159
417 158
417 157
417 156
417 155
417 154
417 153
417 152
417 151
417 150
417 149
417 148
417 147
417 146
417 145
417 144
417 143
417 142
417 141
417 140
417 139
417 138
417 137
417 136
417 135
417 134
417 133
417 132
417 131
417 130
417 129
417 128
417 127
417 126
417 125
417 124
417 123
417 122
417 121
417 120
417 119
417 118
417 117
417 116
417 115
417 114
417 113
417 112
417 111
417 110
417 109
417 108
417 107
417 106
417 105
417 104
417 103
417 102
417 101
417 100
417 99
417 98
417 97
417 96
417 95
417 94
417 93
417 92
417 91
417 90
417 89
417 88
417 87
417 86
417 85
417 84
417 83
417 82
417 81
417 80
417 79
417 78
417 77
417 76
417 75
417 74
417 73
417 72
417 71
417 70
417 69
417 68
417 67
417 66
417 65
417 64
417 63
417 62
417 61
417 60
417 59
417 58
417 57
417 56
417 55
417 54
417 53
417 52
417 51
417 50
417 49
417 48
417 47
417 46
417 45
417 44
417 43
417 42
417 41
417 40
417 39
417 38
417 37
417 36
417 35
417 34
417 33
417 32
417 31
417 30
417 29
417 28
417 27
417 26
417 25
417 24
417 23
417 22
417 21
417 20
417 19
417 18
417 17
417 16
417 15
417 14
417 13
417 12
417 11
417 10
417 9
417 8
417 7
417 6
417 5
417 4
417 3
417 2
417 1
412 254
412 255
413 255
414 255
415 255
415 256
416 256
417 256
417 257
417 258
417 259
417 260
417 261
417 262
417 263
418 263
419 263
420 263
421 263
422 263
423 263
423 264
423 265
423 266
424 266
425 266
426 266
427 266
428 266
429 266
430 266
430 267
430 268
430 269
430 270
430 271
460 254
460 255
460 253
460 252
460 251
460 250
460 249
460 248
460 247
460 246
460 245
460 244
460 243
460 242
460 241
460 240
460 239
460 238
460 237
460 236
460 235
460 234
460 233
460 232
460 231
460 230
460 229
460 228
460 227
460 226
460 225
460 224
460 223
460 222
460 221
460 220
460 219
460 218
460 217
460 216
460 215
460 214
460 213
460 212
460 211
460 210
460 209
460 208
460 207
460 206
460 205
460 204
460 203
460 202
460 201
460 200
460 199
460 198
460 197
460 196
460 195
460 194
460 193
460 192
460 191
460 190
460 189
460 188
460 187
460 186
460 185
460 184
460 183
460 182
460 181
460 180
460 179
460 178
460 177
460 176
460 175
460 174
460 173
460 172
460 171
459 171
458 171
457 171
456 171
455 171
454 171
453 171
453 170
453 169
453 168
453 167
453 166
453 165
453 164
453 163
453 162
453 161
453 160
453 159
453 158
453 157
453 156
453 155
453 154
453 153
453 152
453 151
453 150
453 149
453 148
453 147
453 146
453 145
453 144
453 143
453 142
453 141
453 140
453 139
453 138
453 137
453 136
453 135
453 134
453 133
453 132
453 131
453 130
453 129
453 128
453 127
453 126
453 125
453 124
453 123
453 122
453 121
453 120
453 119
453 118
453 117
453 116
453 115
453 114
453 113
453 112
453 111
453 110
453 109
453 108
453 107
453 106
453 105
453 104
453 103
453 102
453 101
453 100
453 99
453 98
453 97
453 96
453 95
453 94
453 93
453 92
453 91
453 90
453 89
453 88
453 87
453 86
453 85
453 84
453 83
453 82
453 81
453 80
453 79
453 78
453 77
453 76
453 75
453 74
453 73
453 72
453 71
453 70
453 69
453 68
453 67
453 66
453 65
453 64
453 63
453 62
453 61
453 60
453 59
453 58
453 57
453 56
453 55
453 54
453 53
453 52
453 51
453 50
453 49
453 48
453 47
453 46
453 45
453 44
453 43
453 42
453 41
453 40
453 39
453 38
453 37
453 36
453 35
453 34
453 33
453 32
453 31
453 30
453 29
453 28
453 27
453 26
453 25
453 24
453 23
453 22
453 21
453 20
453 19
453 18
453 17
453 16
453 15
453 14
453 13
453 12
453 11
453 10
453 9
453 8
453 7
453 6
453 5
453 4
453 3
453 2
453 1
460 256
461 256
462 256
463 256
464 256
465 256
466 256
467 256
467 257
467 258
467 259
467 260
467 261
467 262
467 263
467 264
467 265
467 266
467 267
468 267
469 267
470 267
471 267
472 267
473 267
474 267
474 268
475 268
476 268
476 267
477 267
477 268
478 268
479 268
480 268
480 267
481 267
482 267
483 267
483 266
483 265
483 264
483 263
483 262
483 261
483 260
483 259
483 258
484 258
485 258
485 257
485 256
486 256
487 256
487 257
487 258
487 259
487 260
487 261
487 262
487 263
487 264
487 265
488 265
488 266
489 266
489 267
490 267
491 267
491 268
491 269
491 270
492 270
492 271
409 278
409 279
409 277
409 276
409 275
409 274
409 273
409 272
409 271
409 270
409 269
409 268
409 267
408 267
408 266
408 265
408 264
408 263
408 262
408 261
408 260
408 259
408 258
408 257
408 256
409 256
410 256
411 256
412 256
409 280
409 281
410 281
411 281
483 279
483 280
483 278
483 277
483 276
483 275
483 274
483 273
484 273
485 273
486 273
486 272
487 272
488 272
489 272
489 271
490 271
491 271
483 281
483 282
483 283
483 284
319 493
319 494
319 492
319 491
319 490
319 489
319 488
319 487
319 486
319 485
319 484
319 483
319 482
319 481
319 480
319 479
319 478
319 477
319 476
319 475
319 474
319 473
319 472
319 471
319 470
319 469
319 468
319 467
319 466
319 465
319 464
319 463
319 462
319 461
319 460
319 459
319 458
319 457
319 456
319 455
319 454
319 453
319 452
319 451
319 450
319 449
319 448
319 447
319 446
319 445
319 444
319 443
319 442
319 441
319 440
319 439
319 438
319 437
319 436
319 435
319 434
319 433
319 432
319 431
319 430
319 429
319 428
319 427
319 426
319 425
319 424
319 423
319 422
319 421
319 420
319 419
319 418
319 417
319 416
319 415
319 414
319 413
319 412
319 411
319 410
319 409
319 408
319 407
319 406
319 405
319 404
319 403
319 402
319 401
319 400
319 399
319 398
319 397
319 396
319 395
319 394
319 393
319 392
319 391
319 390
319 389
319 388
319 387
319 386
319 385
319 384
319 383
319 382
319 381
319 380
319 379
319 378
319 377
319 376
319 375
319 374
319 373
319 372
319 371
319 370
319 369
320 369
321 369
321 368
321 367
321 366
321 365
322 365
322 366
322 367
322 368
322 369
322 370
323 370
324 370
325 370
326 370
327 370
328 370
329 370
330 370
331 370
332 370
333 370
334 370
335 370
336 370
337 370
337 369
337 368
337 367
337 366
337 365
337 364
337 363
337 362
337 361
337 360
337 359
337 358
337 357
337 356
337 355
337 354
337 353
337 352
337 351
337 350
337 349
337 348
337 347
337 346
337 345
337 344
337 343
337 342
337 341
337 340
337 339
337 338
337 337
337 336
337 335
337 334
337 333
337 332
337 331
337 330
337 329
337 328
337 327
337 326
337 325
337 324
337 323
337 322
337 321
337 320
337 319
337 318
337 317
337 316
337 315
337 314
337 313
337 312
337 311
337 310
337 309
337 308
337 307
337 306
337 305
337 304
337 303
337 302
337 301
337 300
337 299
337 298
337 297
337 296
337 295
337 294
337 293
337 292
337 291
337 290
337 289
337 288
337 287
337 286
337 285
337 284
337 283
337 282
337 281
337 280
337 279
337 278
337 277
337 276
337 275
337 274
337 273
337 272
337 271
337 270
337 269
337 268
337 267
337 266
337 265
337 264
337 263
337 262
337 261
337 260
337 259
337 258
337 257
337 256
337 255
337 254
337 253
337 252
337 251
337 250
337 249
337 248
337 247
337 246
337 245
337 244
337 243
337 242
337 241
337 240
338 240
338 239
338 238
338 237
338 236
338 235
338 234
338 233
338 232
338 231
338 230
338 229
338 228
338 227
338 226
338 225
338 224
338 223
338 222
338 221
338 220
338 219
338 218
338 217
338 216
338 215
338 214
338 213
338 212
338 211
338 210
338 209
338 208
338 207
338 206
338 205
338 204
338 203
338 202
338 201
338 200
338 199
338 198
338 197
338 196
338 195
338 194
338 193
338 192
338 191
338 190
338 189
338 188
338 187
338 186
338 185
338 184
338 183
338 182
338 181
338 180
338 179
338 178
338 177
338 176
338 175
338 174
338 173
338 172
338 171
338 170
338 169
338 168
338 167
338 166
338 165
339 165
339 164
339 163
339 162
339 161
339 160
339 159
339 158
339 157
339 156
339 155
339 154
339 153
339 152
339 151
339 150
339 149
339 148
339 147
339 146
339 145
339 144
339 143
339 142
339 141
339 140
339 139
339 138
339 137
339 136
339 135
339 134
339 133
339 132
339 131
338 131
337 131
337 130
337 129
337 128
337 127
337 126
337 125
337 124
337 123
337 122
337 121
337 120
337 119
337 118
337 117
337 116
337 115
319 495
319 496
318 496
317 496
316 496
315 496
314 496
314 497
